########################################
### Generated by Minnator's Modforge ###
########################################

### Modified 10/10/2025 8:04:04 PM ###
mmf_kings_highway = {
	327 358 361 362 363 364 378 379 382 405 410 1854 1855 2298 2301 2302 2308 2309 2310 2313 2314 2327 3021 3023 3024 3025 
	3031 4268 4270 4271 4292 4298 4316 4962 5040 5041 5174 
}

mmf_kings_canals = {
	321 327 358 361 362 363 364 378 379 1854 1855 2298 2302 2313 2316 3021 3023 3024 3025 4316 5040 5041 
}

mmf_caspian_basin = {
	417 421 425 426 439 443 464 465 469 2199 2208 2214 2349 4339 4340 4341 
}


